0	737	0.13
0	930	0.24
0	453	0.23
0	744	0.07
0	265	0.55
0	370	0.11
0	450	0.96
0	686	0.90
0	914	0.89
0	21	0.85
0	574	0.99
0	735	0.71
1	290	0.00
1	459	0.65
1	13	0.95
1	783	0.94
1	721	0.95
1	179	0.64
1	857	0.06
1	955	0.68
2	371	0.48
2	986	0.05
2	435	0.84
2	701	0.54
2	166	0.37
3	320	0.03
3	67	0.69
3	356	0.08
3	709	0.26
3	806	0.04
3	169	0.09
3	240	0.93
3	468	0.75
3	88	0.80
3	948	0.61
4	576	0.60
4	322	0.41
4	283	0.56
4	819	0.10
4	436	0.30
4	853	0.30
4	23	0.20
4	475	0.36
4	861	0.08
5	967	0.69
5	392	0.76
5	651	0.26
5	912	0.54
5	177	0.10
5	978	0.31
5	444	0.11
5	254	0.84
5	543	0.03
6	48	0.20
6	833	0.17
6	74	0.93
6	766	0.92
6	601	0.08
7	522	0.51
7	593	0.94
7	30	0.17
7	886	0.05
7	153	0.32
7	763	0.65
7	284	0.21
7	190	0.65
8	577	0.08
8	964	0.97
8	586	0.89
8	685	0.09
8	429	0.06
8	731	0.87
8	330	0.03
8	925	0.19
9	742	0.33
9	550	0.46
9	938	0.37
9	623	0.67
9	497	0.90
9	924	0.87
9	351	0.96
10	644	0.36
10	266	0.57
10	396	0.82
10	530	0.60
10	947	0.14
10	676	0.28
10	282	0.09
11	617	0.55
11	151	0.99
11	47	0.04
11	338	0.31
11	211	0.76
11	52	0.13
11	425	0.03
11	825	0.01
11	863	0.55
11	223	0.30
12	578	0.29
12	613	0.70
12	423	0.60
12	776	0.46
12	618	0.79
12	15	0.48
12	680	0.98
12	755	0.65
12	756	0.11
12	821	0.79
12	185	0.83
12	136	0.43
12	638	0.56
12	575	0.37
13	459	0.44
13	174	0.98
13	783	0.56
13	721	0.26
13	179	0.31
13	182	0.12
13	857	0.03
13	955	0.43
14	128	0.69
14	930	0.11
14	744	0.89
14	265	0.03
14	370	0.86
14	450	0.85
14	467	0.74
14	335	0.83
14	520	0.49
14	914	0.88
14	787	0.72
14	21	0.66
14	375	0.23
14	574	0.75
14	735	0.44
15	613	0.68
15	618	0.78
15	176	0.88
15	369	1.00
15	946	0.87
15	755	0.35
15	692	0.63
15	988	0.08
15	638	0.73
15	575	0.98
16	514	0.30
16	66	0.37
16	37	0.48
16	81	0.78
16	359	0.10
16	234	0.98
16	299	0.60
16	589	0.91
16	561	0.09
16	820	0.81
16	215	0.09
16	602	0.46
16	859	0.89
17	416	0.32
17	33	0.48
17	327	0.19
17	365	0.88
17	276	0.11
17	347	0.45
17	670	0.30
18	585	0.72
18	102	0.14
18	193	0.24
19	706	0.57
19	91	0.32
19	964	0.48
19	458	0.66
19	555	0.88
19	685	0.92
19	624	0.39
19	49	0.20
19	249	0.55
19	443	0.81
20	105	0.22
20	718	0.99
20	431	0.92
20	178	0.45
20	157	0.63
20	766	0.04
21	737	0.77
21	930	0.65
21	453	0.69
21	744	0.75
21	265	0.39
21	370	0.64
21	450	0.37
21	848	0.31
21	914	0.03
21	127	0.43
21	574	0.89
21	735	0.72
22	715	0.51
22	646	0.15
22	393	0.29
22	554	0.61
22	843	0.02
22	401	0.77
22	984	0.22
22	218	0.52
22	778	1.00
23	768	0.25
23	726	0.18
23	198	0.15
23	426	0.35
23	876	0.70
23	877	0.50
23	819	0.95
23	436	0.70
23	853	0.83
23	854	1.00
23	283	0.01
23	117	0.47
23	767	0.88
24	899	0.26
24	197	0.25
24	264	0.74
24	138	0.14
24	203	0.42
24	844	0.09
24	470	0.03
24	858	0.31
24	58	0.07
25	321	0.94
25	994	0.32
25	906	0.91
25	43	0.95
25	845	0.25
25	622	0.22
25	173	0.87
25	528	0.73
25	913	0.56
25	793	0.71
26	928	0.36
26	258	0.37
26	235	0.72
26	134	0.33
26	935	0.68
26	969	0.80
26	363	0.95
26	79	0.41
26	115	0.48
26	349	0.74
26	414	0.09
27	388	0.33
27	130	0.76
27	603	0.26
27	932	0.42
27	277	0.96
28	480	0.89
28	35	0.97
28	707	0.20
28	773	0.01
28	422	0.76
28	46	0.54
28	818	0.18
28	83	0.89
28	373	0.14
28	794	0.44
29	613	0.19
29	70	0.49
29	109	0.05
29	837	0.27
29	855	0.91
29	988	0.53
29	575	0.55
30	648	0.89
30	593	0.93
30	693	0.72
30	153	0.74
30	159	0.19
31	900	0.37
31	231	0.12
31	873	0.25
31	720	0.17
31	529	0.85
31	457	0.49
31	315	0.51
31	476	0.44
31	255	0.11
32	640	0.85
32	576	0.28
32	322	0.77
32	782	0.36
32	285	0.50
32	432	0.40
32	178	0.84
32	408	0.85
32	475	0.89
32	861	0.55
33	416	0.16
33	645	0.00
33	327	0.93
33	841	0.16
33	810	0.56
33	365	0.02
33	826	0.78
33	830	0.14
33	959	0.54
34	128	0.63
34	611	0.93
34	634	0.17
34	467	0.03
34	911	0.61
34	319	0.99
34	306	0.21
34	787	0.79
34	792	0.71
34	954	0.65
34	335	0.27
34	762	0.23
34	703	0.56
35	707	0.74
35	773	0.02
35	201	0.49
35	621	0.78
35	46	0.09
35	175	0.26
35	818	0.22
35	543	0.34
36	224	0.10
36	740	0.06
36	69	0.53
36	331	0.50
36	492	0.22
36	209	0.04
36	275	0.60
36	214	0.21
36	890	0.87
36	666	0.86
36	442	0.11
37	512	0.96
37	514	0.44
37	66	0.14
37	518	0.81
37	359	0.10
37	649	0.88
37	234	0.31
37	299	0.25
37	301	0.02
37	561	0.84
37	627	0.49
37	820	0.02
37	602	0.32
37	859	0.45
37	926	0.06
37	81	0.66
38	544	0.52
38	771	0.24
38	905	0.45
38	842	0.04
38	564	0.95
38	502	0.38
38	535	0.03
38	856	0.72
39	896	0.84
39	98	0.33
39	516	0.79
39	71	0.58
39	892	0.71
39	110	0.24
39	241	0.69
39	754	0.11
39	531	0.41
39	148	0.55
39	600	0.02
39	441	0.31
39	826	0.16
39	219	0.72
39	796	0.84
40	229	0.98
40	775	0.29
40	490	0.21
40	871	0.53
40	236	0.13
40	116	0.66
40	663	0.46
40	509	0.16
41	288	0.87
41	708	0.85
41	934	0.71
41	72	0.03
41	748	0.92
41	626	0.51
41	759	0.66
41	388	0.11
41	313	0.71
41	318	0.86
42	929	0.18
42	548	0.84
42	292	0.18
42	971	0.63
42	940	0.13
42	973	0.16
42	302	0.29
42	239	0.94
42	78	0.97
42	598	0.07
42	120	0.49
42	985	0.24
42	987	0.78
42	860	0.06
42	639	0.66
43	362	0.39
43	845	0.20
43	913	0.71
43	949	0.91
43	636	0.86
43	734	0.78
44	936	0.86
44	55	0.89
44	527	0.10
44	789	0.54
44	999	0.82
45	97	0.46
45	643	0.07
45	263	0.47
45	587	0.86
45	623	0.32
45	113	0.62
45	372	0.40
46	480	0.90
46	707	0.70
46	773	0.19
46	422	0.98
46	175	0.80
46	559	0.84
46	83	0.46
46	373	0.99
46	794	0.39
46	379	0.31
47	617	0.32
47	151	0.51
47	338	0.78
47	211	0.67
47	52	0.23
47	425	0.52
47	825	0.10
47	506	0.01
47	223	0.71
47	863	0.33
48	74	0.85
48	220	0.24
48	158	0.88
48	990	0.01
49	706	0.39
49	91	0.82
49	964	0.47
49	679	0.23
49	458	0.97
49	555	0.59
49	685	0.33
49	624	0.24
49	249	0.41
49	443	0.84
50	838	0.32
50	167	0.18
50	975	0.04
50	433	0.99
50	243	0.48
50	122	0.94
51	248	0.39
51	210	0.55
51	835	0.16
51	477	0.19
52	425	0.59
52	617	0.04
52	491	0.05
52	338	0.79
52	211	0.89
52	503	0.56
52	825	0.79
52	506	0.20
52	223	0.72
52	151	0.09
52	863	0.12
53	96	0.05
53	806	0.90
53	402	0.13
53	718	0.61
53	431	0.29
53	498	0.79
53	88	0.10
53	251	0.25
54	640	0.11
54	712	0.10
54	432	0.13
54	562	0.80
54	344	0.85
54	121	0.77
54	923	0.91
54	285	0.41
54	606	0.37
55	936	0.46
55	789	0.95
55	999	0.30
56	996	0.96
56	459	0.10
56	846	0.57
56	495	0.35
56	915	0.16
56	217	0.10
56	473	0.28
56	59	0.13
57	488	0.05
57	274	0.98
57	210	0.58
58	899	0.69
58	388	0.91
58	197	0.45
58	264	0.24
58	844	0.30
58	138	0.12
58	203	0.53
58	748	0.64
58	368	0.83
58	470	0.55
58	759	0.18
58	858	0.48
58	603	0.07
59	846	0.86
59	974	0.37
60	206	0.96
60	410	0.45
60	427	0.12
60	637	0.19
60	398	0.12
61	456	0.76
61	312	0.09
61	518	0.83
61	942	0.04
61	446	0.84
62	353	0.36
62	515	0.19
62	551	0.04
62	700	0.27
62	140	0.58
62	749	0.87
62	177	0.45
62	912	0.60
62	305	0.19
62	444	0.11
62	415	0.17
63	71	0.41
63	892	0.33
63	365	0.65
63	787	0.22
63	796	0.11
63	670	0.26
64	577	0.06
64	354	0.20
64	741	0.88
64	937	0.65
64	685	0.00
64	270	0.84
64	784	0.22
64	180	0.69
64	568	0.35
64	250	0.29
65	227	0.56
65	582	0.14
65	972	0.75
65	394	0.11
65	556	0.43
65	570	0.91
65	314	0.61
65	412	0.99
65	733	0.41
66	514	0.55
66	299	0.19
66	81	0.55
66	359	0.83
66	649	0.89
66	234	0.26
66	523	0.05
66	716	0.33
66	589	0.41
66	561	0.98
66	820	0.44
66	215	0.96
66	602	0.30
66	859	0.52
67	320	0.73
67	356	0.84
67	709	0.47
67	908	0.71
67	240	0.50
67	468	0.46
67	948	0.54
68	728	0.96
68	882	0.87
68	482	0.67
68	823	0.23
69	740	0.32
69	331	0.01
69	588	0.80
69	653	0.36
69	209	0.03
69	275	0.19
69	725	0.26
69	214	0.64
69	666	0.47
69	156	0.31
70	613	0.16
70	423	0.11
70	407	0.48
70	109	0.37
70	628	0.62
70	855	0.99
70	638	0.17
70	575	0.48
71	892	0.23
71	365	0.67
71	110	0.10
71	796	0.52
71	670	0.46
72	708	0.31
72	934	0.06
72	626	0.33
72	376	0.74
72	729	0.79
73	107	0.16
73	714	0.55
73	939	0.56
73	397	0.27
73	191	0.44
74	833	0.99
74	220	0.66
74	601	0.98
75	566	1.00
75	429	0.96
75	430	0.87
75	925	0.48
75	150	0.89
75	381	0.58
76	369	0.98
76	163	0.45
76	692	0.18
76	717	0.27
76	534	0.73
77	963	0.60
77	840	0.17
77	887	0.58
77	139	0.42
77	631	0.32
77	190	0.51
77	831	0.38
78	548	0.68
78	805	0.67
78	292	0.93
78	973	0.70
78	302	1.00
78	239	0.66
78	598	0.50
78	120	0.17
78	985	0.72
78	987	0.78
78	639	0.02
79	928	0.91
79	482	0.36
79	969	0.00
79	235	0.65
79	258	0.38
79	823	0.13
80	608	0.06
80	769	0.96
80	580	0.68
80	485	0.81
80	158	0.60
80	908	0.07
80	781	0.06
80	526	0.56
80	337	0.55
80	883	0.33
80	629	0.01
80	342	1.00
80	220	0.14
80	990	0.44
81	514	0.64
81	518	0.76
81	359	0.51
81	649	0.46
81	234	0.26
81	299	0.43
81	561	0.29
81	627	0.45
81	820	0.46
81	602	0.42
81	859	0.87
82	552	0.82
82	633	0.83
82	907	0.68
82	733	0.98
82	758	0.31
83	773	0.26
83	746	0.49
83	175	0.08
83	559	0.79
83	660	0.50
83	794	0.44
83	379	0.68
83	125	0.30
84	998	0.26
84	454	0.22
84	777	0.73
84	334	0.13
84	916	0.19
84	952	0.69
84	124	0.96
85	924	0.73
85	874	0.89
85	971	0.37
85	940	0.56
85	239	0.96
85	724	0.25
85	382	0.38
85	137	0.71
85	120	0.37
85	987	0.17
85	860	0.69
85	540	0.31
86	866	0.75
86	547	0.26
86	325	0.26
86	903	0.35
86	171	0.96
86	125	0.89
86	464	0.68
86	146	0.71
86	532	0.03
86	599	0.16
86	184	0.45
86	573	0.52
86	607	0.72
87	705	0.43
87	111	0.55
87	829	0.36
87	942	0.86
87	345	0.87
88	806	0.17
88	169	0.30
88	402	0.57
88	498	0.29
88	953	0.66
88	251	0.28
89	427	0.08
89	612	0.25
89	779	0.45
89	206	0.34
89	594	0.51
89	596	0.65
89	889	0.07
89	799	0.21
90	827	0.05
90	228	0.23
90	238	0.85
90	306	0.02
90	276	0.04
90	762	0.29
90	347	0.88
90	284	0.73
90	634	0.59
90	319	0.02
91	706	0.70
91	998	0.51
91	679	0.08
91	458	0.78
91	555	0.83
91	624	0.20
91	249	0.99
91	443	1.00
91	124	0.35
92	387	0.96
92	997	0.25
92	870	0.23
92	295	0.75
92	135	0.60
92	558	0.51
92	719	0.24
92	981	0.60
93	674	0.33
93	809	0.85
93	909	0.09
93	557	0.13
93	944	0.48
93	116	0.15
93	702	0.51
94	290	0.75
94	484	0.70
94	714	0.94
94	333	0.10
94	626	0.05
94	472	0.95
94	729	0.16
94	955	0.41
94	958	0.95
95	768	0.57
95	385	0.06
95	579	0.50
95	854	0.72
95	487	0.87
95	103	0.96
95	460	0.96
95	208	0.27
95	273	0.54
95	819	0.69
95	469	0.45
95	726	0.61
95	982	0.54
95	281	0.59
95	286	0.76
95	357	0.63
96	643	0.21
96	718	0.63
96	431	0.81
96	402	0.87
96	372	0.44
96	251	0.62
97	643	0.97
97	263	0.81
97	587	0.35
97	623	0.92
97	113	0.34
97	372	0.61
98	896	0.53
98	810	0.22
98	110	0.44
98	241	0.58
98	754	0.59
98	531	0.83
98	148	0.05
98	310	0.90
98	600	0.49
98	826	0.00
98	219	0.80
98	959	0.21
99	448	0.14
99	761	0.46
99	610	0.60
99	326	0.87
99	280	0.97
100	162	0.77
100	838	0.79
100	424	0.20
100	493	0.52
100	463	0.28
100	466	0.16
100	243	0.82
100	122	0.24
100	815	0.55
100	380	0.23
100	253	0.96
101	929	0.09
101	324	0.54
101	805	0.27
101	263	0.56
101	587	0.98
101	876	0.39
101	592	0.57
101	157	0.88
101	639	0.94
102	193	0.54
102	484	0.74
102	585	0.67
102	714	0.64
102	939	0.57
103	385	0.22
103	460	0.85
103	752	0.97
103	273	0.84
103	819	0.86
103	982	0.29
103	798	0.31
104	673	0.17
104	323	0.41
104	617	0.70
104	170	0.72
104	491	0.19
104	338	0.45
104	822	0.47
104	503	0.44
104	506	0.99
104	702	0.64
104	863	0.33
105	576	0.60
105	324	0.42
105	782	0.18
105	178	0.96
105	408	0.56
105	157	0.90
106	976	0.23
106	328	0.67
106	187	0.23
106	989	0.39
106	141	0.86
107	484	0.29
107	714	0.93
107	939	0.97
107	397	0.13
107	174	0.35
107	721	0.22
107	191	0.06
108	367	0.07
108	361	0.80
108	114	0.27
108	511	0.39
108	991	0.68
109	837	0.18
109	618	0.39
109	112	0.79
109	946	0.93
109	790	0.44
109	855	0.86
109	575	0.46
109	988	0.07
109	613	0.42
110	416	0.07
110	516	0.45
110	327	0.88
110	892	0.97
110	365	0.79
110	754	0.64
110	148	0.19
110	600	0.81
110	826	0.43
110	219	0.49
110	796	0.76
111	705	0.68
111	749	0.72
111	942	0.49
111	305	0.21
111	345	0.06
111	764	0.17
111	478	0.34
112	992	0.73
112	294	0.86
112	837	0.08
112	902	0.93
112	521	0.70
112	812	0.36
112	813	0.23
112	977	0.34
112	790	0.15
112	988	0.85
113	643	0.06
113	587	0.84
113	688	0.21
113	372	0.20
114	132	0.41
114	232	0.22
114	361	0.03
114	536	0.99
114	604	0.65
115	928	0.01
115	258	0.71
115	487	0.82
115	968	0.17
115	363	0.50
115	332	0.94
115	661	0.95
115	349	0.86
115	414	0.72
116	674	0.68
116	199	0.29
116	871	0.32
116	909	0.40
116	944	0.21
117	768	0.65
117	592	0.92
117	213	0.42
117	324	0.89
117	805	0.21
117	198	0.04
117	426	0.22
117	876	0.46
117	877	0.46
117	726	0.55
117	853	0.92
117	854	0.66
117	283	0.26
117	767	0.83
118	736	0.31
118	123	0.85
118	963	0.32
118	620	0.18
118	492	0.03
118	419	0.90
118	886	0.21
118	763	0.43
119	608	0.52
119	289	0.03
119	485	0.59
119	158	0.24
119	584	0.88
119	329	0.75
119	910	0.19
119	591	0.17
119	307	0.82
119	629	0.87
119	667	0.67
119	990	0.45
120	929	0.51
120	548	0.21
120	137	0.63
120	874	0.96
120	971	0.71
120	940	0.19
120	239	0.07
120	292	0.74
120	987	0.12
121	672	0.13
121	481	0.81
121	298	0.60
121	432	0.38
121	923	0.52
121	285	0.00
122	838	0.66
122	975	0.48
122	433	0.45
122	243	0.46
122	212	0.03
123	736	0.24
123	224	0.01
123	763	0.48
123	620	0.40
123	492	0.12
123	419	0.05
123	886	0.26
123	442	0.20
123	827	0.82
123	284	0.08
124	832	0.04
124	998	0.35
124	679	0.42
124	952	0.93
124	249	0.84
125	547	0.31
125	746	0.94
125	171	0.08
125	143	1.00
125	464	0.52
125	532	0.32
125	184	0.31
125	379	0.04
125	607	0.93
126	325	0.29
126	146	0.16
126	573	0.18
126	850	0.42
126	883	0.38
126	439	0.40
126	152	0.54
126	186	0.84
126	221	0.93
127	516	0.90
127	786	0.88
127	848	0.43
127	914	0.92
127	895	0.25
127	735	0.78
128	467	0.06
128	911	0.58
128	145	0.11
128	787	0.55
128	375	0.73
128	792	0.18
128	954	0.66
128	335	0.44
128	703	0.41
129	321	0.30
129	994	0.03
129	906	0.96
129	173	0.71
129	622	0.60
129	698	0.75
129	479	0.18
130	388	0.71
130	934	0.95
130	748	0.80
130	368	0.37
130	277	0.03
130	313	0.90
130	603	0.14
130	318	0.51
131	513	0.56
131	713	0.87
131	463	0.33
131	533	0.72
131	246	0.52
131	553	0.68
131	539	0.19
131	380	0.17
131	253	0.57
131	159	0.16
132	232	0.48
132	361	0.83
132	438	0.54
132	474	0.11
132	604	0.58
133	187	0.14
133	261	0.72
133	679	0.16
133	875	0.15
133	242	0.76
133	635	0.88
133	989	0.80
134	928	0.08
134	258	0.92
134	235	0.07
134	935	0.07
134	682	0.71
134	363	0.09
134	181	0.01
134	921	0.02
134	348	0.68
134	349	0.56
135	995	0.62
135	997	0.96
135	870	0.54
135	839	0.72
135	295	0.61
135	558	0.34
135	719	0.47
135	387	0.46
135	981	0.16
135	471	0.96
136	578	0.77
136	163	0.32
136	165	0.25
136	776	0.92
136	366	0.85
136	680	0.19
136	821	0.81
136	760	0.79
136	185	0.66
137	924	0.66
137	874	0.44
137	971	0.15
137	940	0.19
137	239	0.40
137	987	0.07
137	860	0.50
137	540	0.55
138	899	0.46
138	388	0.66
138	197	0.26
138	264	0.64
138	844	0.75
138	203	0.29
138	748	0.69
138	368	0.78
138	470	0.80
138	759	0.80
138	858	0.96
138	603	0.75
138	318	0.60
139	963	0.55
139	840	0.28
139	887	0.99
139	190	0.24
139	831	0.52
140	353	0.44
140	515	0.56
140	551	0.04
140	456	0.58
140	204	0.73
140	524	0.10
140	749	0.21
140	723	0.32
140	660	0.48
140	700	0.14
140	415	0.07
141	834	0.60
141	328	0.32
141	976	0.43
141	537	0.09
141	831	0.39
142	793	0.08
142	226	0.41
142	259	0.52
142	260	0.48
142	445	0.22
143	336	0.96
143	866	0.55
143	547	0.05
143	360	0.60
143	364	0.73
143	215	0.94
143	716	0.19
143	589	0.04
143	464	0.52
143	532	0.63
143	171	0.83
143	247	0.36
143	184	0.61
143	233	0.33
143	316	0.05
144	920	0.18
144	300	0.95
144	764	0.16
144	797	0.65
144	542	0.00
145	546	0.03
145	520	0.67
145	911	0.65
145	467	0.42
145	212	0.87
145	693	0.70
145	246	0.20
145	375	0.08
145	792	0.26
145	703	0.88
146	866	0.89
146	547	0.50
146	325	0.78
146	903	0.86
146	364	0.80
146	464	0.77
146	465	0.61
146	532	0.96
146	152	0.83
146	599	0.71
146	184	0.51
146	186	0.27
146	573	0.02
147	544	0.73
147	256	0.18
147	905	0.84
147	842	0.18
147	535	0.28
147	684	0.31
147	493	0.59
147	466	0.47
147	340	0.84
147	533	0.93
147	681	0.66
147	377	0.87
147	894	0.61
148	896	0.49
148	241	0.16
148	754	0.94
148	531	0.20
148	310	0.40
148	600	0.73
148	441	0.96
148	219	0.36
149	360	0.61
149	746	0.78
149	171	0.23
149	716	0.72
149	589	0.42
149	820	0.57
149	215	0.15
149	602	0.35
150	429	0.10
150	430	0.28
150	925	0.57
150	566	0.50
150	381	0.33
151	425	0.84
151	494	0.70
151	338	0.75
151	211	0.14
151	617	0.25
151	825	0.47
151	154	0.99
152	903	0.75
152	599	0.57
152	221	0.17
152	465	0.92
152	850	0.27
152	439	0.81
152	186	0.95
152	573	0.71
153	960	0.67
153	738	0.77
153	168	0.04
153	522	0.79
153	593	0.36
153	190	0.92
153	159	0.26
154	519	0.80
154	616	0.83
154	617	0.44
154	491	0.24
154	338	0.40
154	494	0.85
154	658	0.44
154	668	0.62
154	572	0.71
155	229	0.14
155	236	0.78
155	656	0.64
155	245	0.51
155	663	0.46
155	795	0.76
155	509	0.87
156	588	0.58
156	817	0.86
156	979	0.76
156	915	0.78
157	324	0.79
157	263	0.97
157	592	0.14
157	805	0.17
158	608	0.55
158	584	0.56
158	329	0.25
158	910	0.03
158	591	0.13
158	307	0.33
158	629	0.69
158	220	0.71
158	990	0.91
159	648	0.99
159	713	0.18
159	593	0.84
159	693	0.46
160	800	0.61
160	770	0.34
160	430	0.46
161	641	0.51
161	772	0.11
161	549	0.75
161	583	0.97
161	437	0.87
161	268	0.47
161	304	0.09
161	297	0.19
161	597	0.78
161	311	0.17
161	252	0.54
161	957	0.66
161	501	0.56
162	424	0.54
162	905	0.13
162	493	0.34
162	463	0.17
162	466	0.00
162	243	0.31
162	815	0.81
162	380	0.28
162	253	0.39
162	894	0.59
163	802	0.85
163	165	0.40
163	872	0.63
163	578	0.36
163	366	0.05
163	717	0.09
163	369	0.63
163	821	0.40
163	534	0.36
163	185	0.64
164	965	0.20
164	391	0.90
164	683	0.84
164	788	0.90
164	918	0.64
164	216	0.64
164	989	0.29
165	872	0.59
165	802	0.86
165	366	0.39
166	435	0.43
166	483	0.14
166	701	0.50
167	838	0.34
167	520	0.86
167	265	0.34
167	686	0.42
167	975	0.78
167	433	0.60
167	574	0.42
168	960	0.79
168	738	0.64
168	804	0.79
168	563	0.47
168	190	0.78
169	806	0.93
169	402	0.36
169	498	0.70
169	953	0.11
169	251	0.89
170	323	0.73
170	616	0.81
170	491	0.89
170	338	0.42
170	499	0.22
170	822	0.24
170	503	0.98
170	506	0.02
170	411	0.07
170	350	0.77
170	863	0.75
171	547	0.42
171	360	0.47
171	746	0.13
171	716	0.21
171	589	0.83
171	464	0.39
171	532	0.78
171	215	0.08
171	184	0.38
171	379	0.93
171	607	0.00
172	835	0.29
172	525	0.07
172	174	0.03
172	496	0.99
172	739	0.35
172	182	0.71
172	857	0.25
173	321	0.12
173	994	0.10
173	906	0.77
173	622	0.08
173	793	0.54
173	698	0.73
173	479	0.45
174	739	0.54
174	721	0.21
174	881	0.21
174	182	0.82
174	857	0.57
175	353	0.31
175	515	0.93
175	773	0.73
175	204	0.63
175	559	0.30
175	723	0.12
175	660	0.93
175	707	0.89
175	415	0.03
176	900	0.66
176	457	0.08
176	618	0.22
176	946	0.96
176	755	0.31
176	692	0.98
176	988	0.71
176	255	0.43
177	353	0.63
177	967	0.07
177	392	0.32
177	764	0.33
177	651	0.37
177	912	0.68
177	305	0.85
177	978	0.71
177	444	0.92
177	700	0.49
177	254	0.81
178	576	0.41
178	205	0.04
178	782	0.99
178	408	0.80
178	861	0.93
178	766	0.95
179	290	0.31
179	879	0.67
179	459	0.84
179	783	0.25
179	721	0.16
179	495	0.39
179	857	0.51
179	217	0.86
179	955	0.04
180	577	0.69
180	354	0.96
180	741	0.30
180	937	0.16
180	429	0.01
180	270	0.51
180	784	0.53
180	565	0.43
180	409	0.77
180	250	0.52
181	935	0.48
181	682	0.59
181	943	0.89
181	404	0.98
181	694	0.59
181	727	0.38
181	921	0.07
181	348	0.65
181	605	0.43
181	798	0.38
182	835	0.43
182	525	0.95
182	739	0.37
182	857	0.41
183	993	1.00
183	196	0.54
183	326	0.53
183	257	0.82
183	780	0.78
183	590	0.33
183	207	0.14
183	405	0.65
184	866	0.29
184	547	0.94
184	903	0.92
184	364	0.33
184	247	0.70
184	716	0.14
184	464	0.73
184	532	0.36
184	599	0.93
184	233	0.75
184	316	0.70
184	573	0.36
185	578	0.50
185	613	0.48
185	423	0.85
185	776	0.31
185	366	0.01
185	680	0.48
185	755	0.70
185	756	0.56
185	821	0.46
185	760	0.94
185	638	0.50
186	903	0.29
186	599	0.85
186	465	0.71
186	850	0.62
186	439	0.20
186	573	0.57
187	635	0.66
187	679	0.16
187	242	0.37
187	443	0.61
187	989	0.83
188	865	0.07
188	774	0.14
188	710	0.24
188	481	0.48
188	843	0.24
188	461	0.38
188	878	0.88
188	237	0.86
188	654	0.36
188	671	0.93
188	869	0.83
189	961	0.84
189	609	0.87
189	614	0.79
189	743	0.52
189	919	0.16
189	655	0.44
189	724	0.73
189	341	0.46
189	791	0.92
189	730	0.93
190	960	0.43
190	840	0.13
190	522	0.78
190	886	0.88
190	763	0.92
190	831	0.83
191	939	0.85
191	397	0.46
192	801	0.55
192	418	0.89
192	933	0.76
192	652	0.02
192	687	0.42
192	594	0.62
192	596	0.86
192	632	0.78
192	889	0.57
192	751	0.87
193	288	0.42
193	585	0.54
193	484	0.33
194	864	0.68
194	963	0.22
194	628	0.15
194	407	0.61
194	631	0.53
195	410	0.56
195	637	0.01
195	966	0.68
195	398	0.37
196	962	0.53
196	780	0.48
196	428	0.66
196	207	0.98
196	753	0.54
196	851	0.74
197	899	0.57
197	758	0.22
197	264	0.32
197	203	0.54
197	368	0.24
197	470	0.19
197	858	0.61
197	603	0.62
198	324	0.24
198	805	0.37
198	876	0.63
198	877	0.25
198	592	0.22
198	853	0.48
198	283	0.49
198	767	0.14
199	944	0.85
199	674	0.18
199	909	0.25
199	871	0.85
200	642	0.87
200	683	0.59
200	261	0.97
200	391	0.78
200	875	0.10
200	462	0.39
200	242	0.68
200	918	0.45
200	635	0.35
201	707	0.36
201	773	0.58
201	652	0.80
201	621	0.37
201	750	0.94
201	818	0.54
201	279	0.89
201	383	0.54
201	956	0.62
201	543	0.39
202	897	0.11
202	995	0.18
202	517	0.85
202	839	0.18
202	558	0.93
202	719	0.69
202	885	0.04
202	471	0.28
202	665	0.75
202	571	0.27
203	899	0.92
203	264	0.42
203	844	0.64
203	470	0.16
203	858	0.05
204	515	0.56
204	456	0.21
204	746	0.11
204	524	0.26
204	559	0.83
204	723	0.09
204	660	0.01
204	415	0.79
205	833	0.56
205	782	0.01
205	344	0.20
205	408	0.39
205	601	0.74
205	766	0.70
206	801	0.32
206	427	0.97
206	398	0.65
206	687	0.67
206	410	0.88
206	637	0.39
207	780	0.20
207	428	0.43
207	753	0.53
207	851	0.29
207	405	0.37
208	768	0.84
208	213	0.53
208	579	0.95
208	854	0.08
208	357	0.12
208	426	0.21
208	469	0.16
208	726	0.06
208	281	0.50
208	732	0.56
208	286	0.51
208	767	0.86
209	224	0.21
209	740	0.61
209	331	0.63
209	653	0.25
209	849	0.80
209	722	0.27
209	725	0.54
209	214	0.28
209	890	0.97
209	666	0.10
209	442	0.69
210	488	0.96
210	248	0.99
210	274	1.00
211	425	0.60
211	617	0.62
211	491	0.09
211	338	0.47
211	822	0.35
211	503	0.06
211	825	0.02
211	506	0.12
211	223	0.68
211	863	0.46
212	546	0.79
212	838	0.35
212	520	0.57
212	911	0.85
212	693	0.64
212	246	0.37
213	768	0.42
213	579	0.25
213	598	0.56
213	426	0.27
213	973	0.84
213	877	0.51
213	854	0.01
213	985	0.95
213	732	0.96
213	767	0.47
214	740	0.52
214	331	0.36
214	653	0.54
214	813	0.84
214	275	0.45
214	725	0.10
214	890	0.73
214	666	0.30
215	359	0.79
215	360	0.42
215	746	0.23
215	716	0.95
215	589	0.52
215	820	0.37
215	602	0.94
216	256	0.63
216	513	0.40
216	804	0.60
216	965	0.55
216	553	0.61
216	684	0.29
216	788	0.24
216	533	0.37
216	377	0.15
216	539	0.74
217	290	0.64
217	879	0.07
217	996	0.50
217	847	0.98
217	343	0.29
217	473	0.17
217	495	0.16
218	646	0.98
218	393	0.86
218	778	0.08
218	715	0.41
218	720	0.55
218	984	0.42
218	508	0.00
218	554	0.27
219	896	0.36
219	241	0.98
219	754	0.05
219	531	0.24
219	310	0.80
219	600	0.49
219	441	0.88
220	769	0.92
220	709	0.10
220	908	0.53
220	990	0.64
221	769	0.02
221	580	0.24
221	709	0.71
221	908	0.92
221	850	0.27
221	883	0.50
221	342	0.40
222	704	0.82
222	647	0.48
222	272	0.34
222	785	0.62
222	852	0.05
222	278	0.43
222	695	0.88
222	824	0.03
222	731	0.85
223	673	0.69
223	425	0.43
223	617	0.86
223	338	0.71
223	822	0.62
223	503	0.19
223	825	0.76
223	506	0.47
223	863	0.10
224	740	0.72
224	238	0.01
224	849	0.31
224	228	0.98
224	890	0.71
224	827	0.54
224	666	0.67
224	442	0.89
225	358	0.39
225	326	0.90
225	743	0.87
225	280	0.84
225	390	0.79
225	447	0.12
226	897	0.70
226	259	0.88
226	260	0.88
226	885	0.77
226	445	0.82
227	556	0.12
227	412	0.08
227	972	0.57
227	582	0.31
228	762	0.17
228	238	0.71
228	849	0.68
228	306	0.94
228	319	0.10
228	634	0.28
228	827	0.40
228	284	0.05
228	890	0.76
228	442	0.18
229	775	0.76
229	490	0.01
229	871	0.33
229	236	0.33
229	663	0.42
229	509	0.91
230	898	0.78
230	803	0.20
230	808	0.16
230	811	0.97
230	403	0.70
230	374	0.32
230	888	0.02
231	612	0.10
231	873	0.57
231	255	0.63
231	720	0.73
231	529	0.68
231	346	0.57
231	315	0.24
231	476	0.23
231	799	0.91
232	361	0.97
232	536	0.53
232	474	0.59
232	604	0.64
233	336	0.88
233	866	0.64
233	547	0.42
233	903	0.87
233	364	0.97
233	247	0.74
233	716	0.03
233	464	0.09
233	532	0.98
233	599	0.05
233	699	0.63
233	316	0.84
234	514	0.59
234	359	0.43
234	649	0.83
234	299	0.98
234	561	0.84
234	820	0.76
234	602	0.23
234	859	0.40
235	928	1.00
235	258	0.86
235	935	0.32
235	363	0.36
235	921	0.79
235	349	0.53
236	871	0.73
236	663	0.69
236	509	0.36
237	865	0.47
237	869	0.47
237	774	0.61
237	481	0.51
237	712	0.30
237	843	0.22
237	461	0.35
237	654	0.98
237	710	0.82
237	983	0.81
237	606	0.23
237	671	0.96
238	762	0.67
238	849	0.85
238	306	0.66
238	319	0.04
238	634	0.65
238	827	0.12
238	284	0.30
238	890	0.17
238	442	0.17
239	929	0.84
239	548	0.57
239	292	0.52
239	874	0.60
239	971	0.82
239	940	0.04
239	598	0.51
239	985	0.46
239	987	0.00
239	860	0.09
239	639	0.68
240	320	0.58
240	356	0.89
240	709	0.73
240	615	0.46
240	468	0.70
240	505	0.23
240	948	0.14
241	896	0.14
241	516	0.40
241	531	0.32
241	310	0.83
241	600	0.78
241	441	0.04
241	538	0.21
241	895	0.20
242	642	0.18
242	261	0.32
242	875	0.27
242	462	0.31
242	595	0.73
242	635	0.82
243	838	0.07
243	424	0.25
243	493	0.90
243	815	0.03
243	253	0.48
244	841	0.97
244	931	0.61
244	868	0.59
245	644	0.31
245	266	0.40
245	656	0.36
245	530	0.12
245	282	0.17
245	378	0.44
246	546	0.83
246	911	0.75
246	693	0.19
247	866	0.63
247	262	0.71
247	364	0.94
247	716	0.05
247	399	0.78
247	336	0.63
247	532	0.07
247	699	0.53
247	316	0.87
248	745	0.52
248	274	0.19
248	477	0.30
248	287	0.17
249	832	0.52
249	706	0.72
249	964	0.52
249	555	0.97
249	624	0.84
249	443	0.92
250	577	0.60
250	354	0.94
250	741	0.53
250	937	0.03
250	429	0.20
250	270	0.40
250	784	0.23
250	565	0.87
250	760	0.46
250	409	0.81
251	806	0.26
251	402	0.14
251	718	0.94
251	431	0.34
251	498	0.40
252	291	0.72
252	297	0.33
252	814	0.64
252	757	0.65
252	501	0.01
252	662	0.09
252	597	0.93
253	424	0.09
253	493	0.78
253	463	0.06
253	466	0.06
253	815	0.79
253	380	0.97
254	549	0.26
254	651	0.66
254	300	0.11
254	630	0.05
254	920	0.48
254	542	0.96
255	992	0.74
255	900	0.75
255	873	0.32
255	529	0.62
255	946	0.30
255	457	0.74
255	315	0.27
255	476	0.61
256	681	0.53
256	842	0.41
256	684	0.25
256	533	0.65
256	553	0.73
256	377	0.73
256	539	0.97
256	894	0.18
257	448	0.61
257	993	0.12
257	405	0.90
257	326	0.95
258	928	0.95
258	935	0.33
258	363	0.32
258	921	0.93
258	349	0.89
258	414	0.18
259	897	0.17
259	260	0.55
259	362	0.28
259	885	0.81
259	571	0.50
259	445	0.40
260	897	0.81
260	885	0.95
260	445	0.34
261	642	0.66
261	875	1.00
261	462	0.56
261	595	0.41
261	635	0.52
262	336	0.10
262	699	0.25
262	316	0.76
262	399	0.75
263	643	0.52
263	324	0.94
263	587	0.82
264	899	0.35
264	552	0.31
264	758	0.39
264	858	0.67
265	737	0.62
265	930	0.13
265	453	0.04
265	744	0.01
265	370	0.86
265	450	0.72
265	686	0.32
265	914	0.40
265	574	0.33
265	735	0.62
266	644	0.76
266	656	0.60
266	530	0.51
266	947	0.13
266	282	0.37
266	378	0.46
267	704	0.63
267	295	0.53
267	728	0.72
267	882	0.77
267	981	0.50
267	824	0.76
267	949	0.78
268	641	0.07
268	772	0.49
268	549	0.27
268	304	0.57
268	501	0.45
268	630	0.37
268	311	0.31
268	440	0.73
268	293	0.99
268	437	0.52
269	682	0.08
269	943	0.98
269	657	0.74
269	404	0.06
269	278	0.20
269	727	0.52
270	577	0.09
270	834	0.14
270	741	0.56
270	937	0.69
270	970	0.99
270	354	0.61
270	784	0.00
270	568	0.81
270	537	0.23
271	961	0.24
271	421	0.55
271	358	0.57
271	807	0.32
271	428	0.67
271	590	0.48
271	655	0.32
271	560	0.44
271	922	0.47
272	964	0.67
272	647	0.76
272	586	0.23
272	785	0.76
272	852	0.53
272	278	0.13
272	695	0.65
272	731	0.43
272	330	0.37
273	385	0.51
273	982	0.22
273	487	0.37
273	460	0.73
273	469	0.98
273	694	0.58
273	348	0.74
274	488	0.60
274	745	0.66
274	596	0.83
275	837	0.10
275	331	0.91
275	813	0.25
275	855	0.96
275	740	0.03
276	762	0.99
276	306	0.07
276	787	0.92
276	634	0.22
276	347	0.73
276	954	0.64
276	670	0.24
277	603	0.23
277	388	0.50
277	368	0.85
277	758	0.91
277	318	0.46
278	785	0.13
278	330	0.79
278	647	0.18
278	657	0.19
278	852	0.80
278	695	0.28
278	731	0.36
279	801	0.02
279	418	0.33
279	650	0.69
279	652	0.64
279	750	0.18
279	751	0.30
279	689	0.36
279	687	0.40
279	956	0.88
279	862	0.25
279	383	0.55
280	448	0.81
280	610	0.51
280	390	0.71
280	326	0.67
280	761	0.52
280	447	0.57
281	579	0.19
281	357	0.98
281	487	0.70
281	469	0.93
281	732	0.14
281	286	0.39
282	644	0.77
282	656	0.78
282	530	0.20
282	947	0.80
282	378	0.69
283	768	0.75
283	385	0.95
283	726	0.33
283	426	0.60
283	877	0.97
283	819	0.20
283	436	0.19
283	853	0.90
283	854	0.89
283	475	0.90
283	767	0.62
284	522	0.22
284	762	0.89
284	827	0.88
284	634	0.43
284	319	0.83
285	672	0.70
285	640	0.93
285	322	0.14
285	432	0.88
285	308	0.48
285	406	1.00
285	923	0.44
285	861	0.50
286	579	0.13
286	357	0.92
286	487	0.14
286	469	0.94
286	732	0.79
287	417	0.42
287	420	0.37
287	745	0.27
287	525	0.55
287	496	0.85
287	884	0.37
287	980	0.58
287	477	0.94
288	934	0.66
288	626	0.97
288	313	0.63
288	318	0.77
289	865	0.76
289	675	0.52
289	774	0.70
289	401	0.13
289	712	0.38
289	329	0.64
289	461	0.71
289	591	0.87
289	584	0.85
289	307	0.81
289	983	0.66
289	671	0.82
290	879	0.52
290	333	0.20
290	783	0.41
290	721	0.81
290	472	0.81
290	955	0.78
290	958	0.35
291	867	0.38
291	677	0.47
291	904	0.77
291	489	0.09
291	814	0.78
291	690	0.06
291	355	0.17
291	501	0.08
291	662	0.42
291	317	0.25
291	927	0.90
292	548	1.00
292	971	0.13
292	973	0.33
292	302	0.04
292	598	0.56
292	985	0.05
292	987	0.91
292	860	0.29
292	639	0.40
293	641	0.81
293	304	0.86
293	437	0.09
293	630	0.34
293	440	0.66
294	836	0.27
294	790	0.99
294	902	0.75
294	873	0.60
294	812	0.89
294	977	0.70
294	691	0.17
294	950	0.49
294	521	0.97
295	839	0.35
295	558	0.34
295	719	0.75
295	882	0.11
295	981	0.11
295	571	0.42
296	496	0.07
296	881	0.69
296	339	0.67
296	739	0.52
296	525	0.98
297	641	0.55
297	501	0.92
297	304	0.44
297	597	0.65
297	311	0.50
297	437	0.30
298	672	0.56
298	481	0.32
299	514	0.42
299	649	0.22
299	523	0.09
299	561	0.52
299	859	1.00
300	549	0.01
300	920	0.89
300	764	0.19
300	797	0.99
300	542	0.28
301	512	0.85
301	514	0.77
301	518	0.72
301	541	0.35
301	434	0.85
301	627	0.39
301	446	0.46
301	859	0.49
301	669	0.52
301	926	0.54
302	548	0.49
302	973	0.09
302	880	0.40
302	987	0.35
302	860	0.73
303	688	0.73
303	372	0.92
303	893	0.35
303	678	0.76
304	641	0.84
304	437	0.49
304	747	0.79
304	501	0.93
304	927	0.39
304	597	0.87
305	705	0.51
305	551	0.50
305	764	0.82
305	749	0.02
305	444	0.53
305	700	0.49
305	797	0.75
305	478	0.83
306	827	0.71
306	762	0.84
306	634	0.33
306	347	0.52
306	954	0.43
306	319	0.18
307	608	0.89
307	584	0.42
307	329	0.55
307	910	0.81
307	591	0.33
307	983	0.46
307	667	0.61
307	990	0.08
308	800	0.28
308	770	0.52
308	322	0.45
308	406	0.72
308	475	0.76
308	861	0.90
309	745	0.76
309	747	0.00
309	884	0.60
309	917	0.61
309	567	0.77
309	632	0.51
309	980	0.11
309	510	0.71
309	927	0.77
310	932	0.05
310	754	0.70
310	531	0.63
310	600	0.16
311	641	0.39
311	772	0.49
311	549	0.41
311	583	0.05
311	437	0.31
311	597	0.45
311	957	0.91
311	501	0.42
312	514	0.32
312	359	1.00
312	456	0.22
312	524	0.05
312	820	0.03
312	602	0.00
313	388	0.69
313	934	0.86
313	748	0.49
313	368	0.13
313	470	0.11
313	759	0.71
313	603	0.03
313	318	0.20
314	972	0.63
314	394	0.56
314	907	0.97
314	556	0.09
314	696	0.69
314	570	0.42
314	733	0.91
315	992	0.63
315	900	0.45
315	873	0.44
315	529	0.85
315	691	0.36
315	612	0.36
315	346	0.04
315	476	0.41
316	866	0.16
316	364	0.86
316	716	0.30
316	336	0.28
316	532	0.99
316	699	0.10
317	545	0.53
317	867	0.41
317	677	0.93
317	417	0.17
317	904	0.82
317	489	0.98
317	339	0.13
317	814	0.13
317	945	0.58
317	690	0.25
317	355	0.91
317	757	0.27
317	662	0.01
318	388	0.31
318	934	0.51
318	748	0.11
318	368	0.91
318	470	0.31
318	759	0.69
318	603	0.79
319	611	0.15
319	648	0.72
319	762	0.69
319	827	0.40
319	634	0.62
320	356	0.10
320	615	0.58
320	468	0.69
320	948	0.16
320	505	0.63
320	953	0.77
321	994	0.78
321	906	0.79
321	622	0.25
321	528	0.99
321	536	0.85
321	698	0.78
321	479	0.63
322	576	0.77
322	819	0.08
322	436	0.09
322	475	0.13
322	861	0.51
323	775	0.50
323	616	0.49
323	491	0.45
323	499	0.05
323	822	0.04
323	411	1.00
323	350	0.43
324	876	0.20
324	877	0.79
324	592	0.35
324	805	0.07
325	352	0.22
325	547	0.46
325	486	0.16
325	422	0.69
325	573	0.63
325	607	0.82
326	448	0.32
326	993	0.91
326	390	0.16
326	780	0.75
327	416	0.87
327	645	0.91
327	810	0.90
327	365	0.49
327	754	0.88
327	826	0.98
327	830	0.59
327	959	0.64
328	976	0.83
329	675	0.14
329	584	0.28
329	591	0.59
329	344	0.28
330	647	0.57
330	586	0.17
330	657	0.87
330	695	0.59
330	731	0.86
330	925	0.26
331	813	0.82
331	740	0.96
331	890	0.70
331	666	0.39
331	442	0.36
332	968	0.68
332	367	0.20
332	659	0.74
332	661	0.58
332	991	0.75
332	414	0.69
332	511	0.34
333	708	0.81
333	958	0.54
333	472	0.34
333	729	0.08
333	955	0.32
334	387	0.49
334	676	0.53
334	454	0.02
334	777	0.60
334	396	0.46
334	916	0.57
335	450	0.58
335	467	0.63
335	370	0.58
335	787	0.37
335	375	0.15
335	792	0.20
335	954	0.15
335	670	0.62
335	703	0.53
336	866	0.32
336	716	0.97
336	364	0.39
336	399	0.29
336	699	0.42
337	485	0.28
337	966	0.51
337	781	0.60
337	526	0.93
337	629	0.51
337	413	0.12
338	425	0.08
338	617	0.75
338	491	0.32
338	822	0.02
338	503	0.53
338	825	0.99
338	506	0.97
338	572	0.94
338	863	0.54
339	545	0.91
339	867	0.32
339	420	0.21
339	677	0.91
339	417	0.17
339	904	0.78
339	814	0.87
339	496	0.96
339	945	0.15
339	690	0.32
339	355	0.13
340	544	0.41
340	384	0.14
340	681	0.49
340	842	0.09
340	400	0.15
340	535	0.47
340	569	0.47
341	609	0.07
341	614	0.79
341	743	0.90
341	711	0.03
341	655	0.42
341	919	0.86
341	791	0.86
341	730	0.12
342	769	0.99
342	580	0.02
342	485	0.61
342	908	0.61
342	781	0.52
342	883	0.53
342	629	0.19
343	868	0.86
343	588	0.63
343	847	0.81
343	817	0.25
343	879	0.01
344	675	0.87
344	712	0.14
344	562	0.78
344	923	0.70
344	606	0.59
345	705	0.91
345	478	0.00
345	942	0.38
346	612	0.42
346	873	0.47
346	779	0.56
346	529	0.00
346	691	0.53
346	950	0.35
346	476	0.28
346	799	0.39
347	634	0.81
347	787	0.12
347	954	0.45
347	670	0.58
348	935	0.74
348	460	0.60
348	752	0.67
348	694	0.60
348	921	0.41
348	605	0.41
348	798	1.00
349	928	0.43
349	487	0.19
349	968	0.36
349	363	0.55
349	661	0.11
349	414	0.90
350	775	0.54
350	616	0.76
350	944	0.48
350	499	0.88
350	411	0.78
351	497	0.08
351	924	0.35
351	550	0.78
351	742	0.99
352	480	0.44
352	422	0.38
352	486	0.37
352	413	0.17
352	607	0.99
353	707	0.86
353	551	0.39
353	392	0.02
353	444	0.11
353	967	0.68
353	912	0.53
353	978	0.09
353	515	0.19
353	415	0.66
353	700	0.87
353	543	0.81
354	784	0.80
354	834	0.83
354	741	0.07
354	577	0.99
354	937	0.33
354	685	0.97
354	976	0.78
354	568	0.50
354	537	0.88
355	545	0.17
355	867	0.51
355	677	0.37
355	904	0.64
355	489	0.15
355	814	0.67
355	945	0.48
355	690	0.62
355	757	0.02
355	662	0.10
356	709	0.01
356	908	0.87
356	468	0.87
356	948	0.07
357	768	0.58
357	579	0.19
357	854	0.72
357	487	0.52
357	426	0.44
357	469	0.36
357	726	0.83
357	732	0.71
358	961	0.50
358	743	0.45
358	807	0.04
358	590	0.16
358	655	0.41
358	560	0.45
358	922	0.49
358	730	0.07
359	514	0.33
359	518	0.72
359	561	0.79
359	820	0.57
359	602	0.14
359	859	0.27
360	746	0.43
360	716	0.17
360	589	0.33
360	602	0.66
361	536	0.09
362	897	0.44
362	571	0.92
362	949	0.28
363	928	0.11
363	935	0.80
363	414	0.77
364	866	0.15
364	547	0.52
364	903	0.57
364	716	0.10
364	464	0.75
364	532	0.37
364	599	0.57
364	699	0.52
365	416	0.94
365	892	0.78
365	826	0.84
365	796	0.12
365	670	0.50
366	578	0.11
366	776	0.82
366	680	0.07
366	756	0.38
366	821	0.30
366	760	0.31
366	409	0.81
367	968	0.81
367	661	0.90
367	991	0.62
367	511	0.50
368	388	0.77
368	934	0.84
368	748	0.71
368	470	0.73
368	759	0.98
368	603	0.58
369	578	0.50
369	717	0.14
369	755	0.27
369	692	0.88
369	821	0.81
369	534	0.20
370	450	0.84
370	744	0.54
370	930	0.18
370	914	1.00
370	574	0.93
370	735	0.96
371	986	0.81
371	435	0.21
372	643	0.50
372	688	0.43
373	480	0.72
373	773	0.31
373	422	0.74
373	818	0.51
373	794	0.63
374	898	0.76
374	803	0.49
374	808	0.26
374	811	0.55
374	527	0.89
374	403	0.91
375	520	0.05
375	911	0.76
375	467	0.52
375	792	0.96
375	574	0.64
375	703	0.09
376	932	0.27
376	810	1.00
376	754	0.10
376	830	0.59
376	959	0.69
377	513	0.90
377	553	0.21
377	684	0.70
377	463	0.66
377	466	0.05
377	533	0.20
377	539	0.80
377	894	0.13
378	795	0.78
378	947	0.96
379	746	0.26
379	559	0.31
379	660	0.73
379	794	0.47
379	607	0.68
380	424	0.01
380	493	0.52
380	463	0.66
380	466	0.75
380	533	0.25
380	894	0.40
381	430	0.74
381	943	0.74
381	404	0.80
381	566	0.65
381	727	0.01
381	925	0.88
382	961	0.75
382	609	0.33
382	655	0.65
382	724	0.70
382	919	0.11
382	540	0.84
383	801	0.12
383	650	0.19
383	652	0.07
383	621	0.20
383	750	0.89
383	687	0.74
383	818	0.29
383	751	0.90
383	956	0.02
384	681	0.03
384	684	0.40
384	400	0.29
384	535	0.65
384	569	0.40
385	768	0.34
385	854	0.69
385	460	0.86
385	819	0.56
385	436	0.12
385	469	0.65
385	726	0.54
385	982	0.27
386	451	0.30
386	616	0.13
386	490	0.29
386	499	0.17
386	504	0.40
386	507	0.04
387	676	0.84
387	997	0.75
387	454	0.39
387	396	0.24
387	870	0.62
388	603	0.15
388	934	0.31
388	748	0.35
388	470	0.84
388	759	0.79
389	880	0.86
390	447	0.53
390	743	0.80
391	965	0.72
391	683	0.68
391	788	0.17
391	918	0.83
391	989	0.06
392	967	0.21
392	651	0.85
392	621	0.24
392	750	0.66
392	912	0.06
392	978	0.56
392	444	0.57
392	543	0.68
393	646	0.52
393	778	0.14
393	715	0.08
393	401	0.40
393	984	0.41
393	667	0.78
393	554	0.51
394	972	0.88
394	907	0.91
394	556	0.19
394	696	0.55
394	570	0.86
394	733	0.53
395	434	0.59
395	452	0.76
395	669	0.17
396	644	0.43
396	454	0.62
396	777	0.10
396	530	0.02
396	676	0.48
397	939	0.45
398	966	0.88
398	410	0.96
398	637	0.12
399	523	0.81
400	681	0.19
400	684	0.51
400	569	0.07
401	774	0.39
401	646	0.95
401	778	0.45
401	715	0.98
401	591	0.20
401	983	0.80
401	667	0.46
401	554	0.19
402	806	0.40
402	498	0.09
402	953	0.10
403	898	0.66
403	803	0.15
403	808	0.86
403	811	0.95
404	682	0.01
404	943	0.50
404	657	0.59
404	566	0.04
404	727	0.57
405	448	0.63
405	993	0.83
406	800	0.63
406	752	0.74
406	770	0.11
407	864	0.67
407	963	0.93
407	423	0.26
407	776	0.29
407	756	0.80
407	631	0.87
407	628	0.89
407	575	0.46
408	640	0.37
408	576	0.45
408	782	0.85
408	432	0.06
408	861	0.21
409	741	0.60
409	429	0.71
409	565	0.90
409	760	0.72
410	966	0.43
410	637	0.07
411	775	0.27
411	616	0.84
411	491	0.75
411	499	0.66
411	504	0.86
412	582	0.57
412	556	0.05
412	972	0.69
412	941	0.85
412	828	0.71
413	480	0.06
413	422	0.86
413	486	0.50
413	781	0.42
414	928	0.03
414	968	0.69
414	969	0.05
414	661	0.29
414	511	0.94
415	707	0.33
415	551	0.71
415	444	0.91
415	912	0.05
415	515	0.20
415	978	0.70
415	723	0.50
415	660	0.08
415	700	0.06
415	543	0.15
416	645	0.08
416	810	0.44
416	754	0.71
416	826	0.66
416	830	0.04
416	959	0.30
417	867	0.96
417	420	0.18
417	677	0.99
417	904	0.03
417	489	0.63
417	525	0.99
417	496	0.44
417	690	0.75
418	933	0.92
418	751	0.82
418	689	0.60
418	917	0.53
418	510	0.74
418	632	0.68
418	889	0.25
418	862	0.29
419	736	0.84
419	492	0.82
419	620	0.45
420	677	0.35
420	904	0.13
420	489	0.38
420	884	0.90
420	477	0.93
421	807	0.26
421	428	0.03
421	590	0.67
421	560	0.64
421	922	0.87
422	480	0.19
422	486	0.05
422	794	0.76
422	607	0.58
423	613	0.11
423	776	0.66
423	680	0.47
423	755	0.61
423	756	0.80
423	628	0.86
423	638	0.77
423	575	0.79
424	905	0.53
424	493	0.97
424	463	0.58
424	466	0.21
424	815	0.39
424	894	0.23
425	617	0.32
425	825	0.57
426	768	0.42
426	579	0.17
426	726	0.98
426	877	0.68
426	853	0.87
426	854	0.13
426	732	0.89
426	767	0.97
427	646	0.63
427	720	0.15
427	984	0.03
428	851	0.27
428	922	0.03
429	565	0.46
429	925	0.07
430	566	0.25
430	605	0.15
430	925	0.37
431	718	0.97
431	498	0.21
432	640	0.11
432	562	0.22
432	923	0.70
432	861	0.37
432	606	0.46
433	838	0.63
433	520	0.15
433	686	0.08
433	975	0.96
434	512	0.04
434	452	0.23
434	669	0.31
434	926	0.33
434	829	0.92
434	446	0.39
435	986	0.32
435	701	0.79
436	576	0.65
436	982	0.95
436	819	0.31
436	853	0.68
436	726	0.83
436	475	0.77
436	861	0.12
437	641	0.45
437	772	0.19
437	549	0.73
437	501	0.47
437	630	0.20
437	440	0.84
437	597	0.50
438	962	0.02
438	625	0.66
438	474	0.87
438	891	0.32
438	604	0.20
438	765	0.98
439	465	0.30
439	599	0.51
439	573	0.18
440	651	0.38
440	630	0.94
441	896	0.03
441	516	0.27
441	941	0.67
441	816	0.23
441	786	0.82
441	531	0.74
441	600	0.11
441	538	0.81
441	895	0.80
442	740	0.58
442	620	0.67
442	492	0.00
442	849	0.64
442	890	0.60
442	666	0.27
443	706	0.89
443	679	0.82
443	458	0.85
443	555	0.09
443	624	0.85
444	515	0.48
444	551	0.39
444	651	0.66
444	912	0.22
444	978	0.26
444	967	0.45
444	700	0.73
445	897	0.29
445	885	0.82
445	571	0.48
446	669	0.92
446	452	0.72
446	518	0.74
446	829	0.04
446	926	0.11
447	743	0.66
448	993	0.76
449	455	0.11
450	930	0.65
450	453	0.72
450	744	0.95
450	914	0.72
450	574	0.81
450	735	0.71
451	504	0.60
451	507	0.87
451	581	0.62
452	669	0.56
452	926	0.74
452	829	0.82
453	737	0.85
453	930	0.09
453	744	0.02
453	914	0.12
453	574	0.12
453	735	0.65
454	676	0.17
454	777	0.29
454	916	0.49
455	665	0.39
455	947	0.96
455	517	0.16
455	471	0.39
456	551	0.63
456	524	0.91
456	749	0.84
456	723	0.68
457	900	0.87
457	878	0.10
457	692	0.34
457	508	1.00
458	624	0.09
458	706	0.08
458	555	0.89
458	685	0.40
458	976	0.19
459	495	0.52
459	857	0.75
459	783	0.73
460	982	0.52
460	487	0.34
460	469	0.08
460	694	0.83
461	865	0.24
461	869	0.28
461	774	0.43
461	712	0.33
461	843	0.84
461	654	0.10
461	710	0.40
461	983	0.08
461	671	0.31
462	642	0.97
462	875	0.65
462	595	0.33
463	553	0.78
463	493	0.51
463	466	0.14
463	533	0.09
463	539	0.90
463	894	0.99
464	866	0.81
464	547	0.43
464	903	0.63
464	532	0.89
464	573	0.92
464	607	0.89
465	903	0.72
465	599	0.31
465	573	0.96
466	905	0.81
466	493	0.60
466	533	0.98
466	894	0.08
467	520	0.02
467	911	0.17
467	787	0.20
467	792	0.24
467	954	0.34
467	703	1.00
468	709	0.11
468	615	0.75
468	948	0.41
468	505	0.08
469	768	0.25
469	579	0.76
469	982	0.81
469	487	0.31
469	726	0.96
470	934	0.05
470	844	0.06
470	748	0.97
470	759	0.15
470	858	0.11
470	603	0.52
471	995	0.23
471	517	0.26
471	839	0.22
471	558	0.76
471	885	0.23
471	665	0.73
471	571	0.30
472	783	0.95
472	958	0.07
472	729	0.84
472	955	0.04
473	996	0.14
473	846	0.85
473	495	0.62
473	817	0.48
473	915	0.12
473	879	0.27
474	962	0.31
474	625	0.59
474	891	0.23
474	604	0.03
474	765	0.91
475	576	0.47
475	819	0.09
475	861	0.11
476	900	0.63
476	873	0.18
476	529	0.10
476	691	0.55
476	612	0.01
477	745	0.16
477	525	0.91
478	705	0.06
478	920	0.60
478	764	0.94
478	797	0.22
479	906	0.96
479	622	0.36
479	698	0.52
480	486	0.02
480	794	0.72
481	672	0.19
481	865	0.18
481	869	0.41
481	710	0.52
481	654	0.99
481	923	0.72
481	606	0.03
481	671	0.35
482	969	0.08
482	913	0.15
482	949	0.02
482	823	0.17
482	636	0.28
483	701	0.34
484	714	0.73
484	955	0.28
485	608	0.15
485	781	0.65
485	526	0.02
485	910	0.18
485	667	0.30
485	629	0.50
486	607	0.28
488	596	0.90
488	799	0.76
489	867	0.73
489	677	0.60
489	904	0.95
489	747	0.46
489	814	0.67
489	690	0.11
489	884	0.44
489	927	0.80
490	504	0.69
490	507	0.08
490	509	0.47
491	616	0.52
491	617	0.77
491	494	0.64
491	499	0.39
491	822	0.46
491	503	0.75
491	572	0.62
491	863	0.20
492	736	0.39
492	620	0.72
493	905	0.78
493	815	0.60
493	894	0.35
494	519	0.99
494	668	0.72
494	658	0.56
494	572	0.82
495	996	0.52
495	846	0.11
495	879	0.53
496	739	0.45
496	525	0.69
496	881	0.74
497	550	0.59
497	742	0.74
498	833	0.43
498	806	0.96
498	718	0.42
498	601	0.11
498	766	0.59
499	775	0.71
499	616	0.56
499	504	0.31
500	809	0.40
500	909	0.85
500	557	0.44
501	641	0.44
501	747	0.41
501	597	0.09
501	927	0.17
502	856	0.17
502	771	0.07
503	673	0.85
503	617	0.09
503	822	0.60
503	506	0.22
503	702	0.84
503	863	0.67
504	616	0.25
504	507	0.49
505	948	0.55
505	615	0.87
506	673	0.90
506	617	0.74
506	822	0.82
506	702	0.34
506	863	0.21
507	656	0.75
507	509	0.86
508	869	0.79
508	554	0.48
508	843	0.42
508	878	0.06
508	778	0.04
509	775	0.00
510	933	0.85
510	747	0.07
510	751	0.07
510	689	0.91
510	980	0.48
510	917	0.87
510	567	0.56
510	632	0.90
510	862	0.62
511	968	0.30
511	661	0.30
511	991	0.04
512	518	0.64
512	649	0.89
512	541	0.68
512	627	0.59
512	859	0.23
512	669	0.24
512	926	0.46
513	738	0.31
513	804	0.79
513	713	0.49
513	533	0.96
513	553	0.66
513	539	0.57
514	518	0.99
514	561	0.79
514	627	0.09
514	820	0.35
514	602	0.16
514	859	0.82
515	707	0.03
515	912	0.96
515	978	0.30
515	723	0.06
515	660	0.19
515	700	0.70
515	543	0.38
516	896	0.26
516	796	0.36
516	848	0.64
516	786	0.07
516	531	0.90
516	600	0.50
516	538	0.10
516	892	0.78
516	895	0.37
517	995	0.75
517	885	0.42
517	665	0.03
518	627	0.33
518	820	0.80
518	859	0.41
518	926	0.80
519	572	0.24
519	658	0.37
519	668	0.63
520	546	0.65
520	686	0.93
520	911	0.48
520	792	0.81
520	574	0.20
520	703	0.05
521	992	0.87
521	902	0.31
521	812	0.41
521	977	0.83
521	790	0.91
521	988	0.48
522	593	0.09
522	886	0.37
522	763	0.00
523	649	0.43
523	561	0.78
523	859	0.06
524	551	0.89
524	749	0.51
524	723	0.97
525	835	0.26
525	881	0.39
525	739	0.34
526	608	0.27
526	781	0.32
526	910	0.77
526	629	0.43
526	667	0.65
527	803	0.74
527	999	0.63
527	936	0.99
527	808	0.16
527	789	0.60
528	994	0.48
528	906	0.57
528	845	0.74
528	622	0.16
528	734	0.08
529	900	0.23
529	873	0.33
529	720	0.57
529	612	0.02
530	644	0.73
530	656	0.72
531	896	0.01
531	941	0.21
531	816	0.18
531	600	0.14
531	538	0.72
531	828	0.90
532	866	0.28
532	547	0.29
532	903	0.02
532	599	0.32
532	573	0.04
533	713	0.21
533	684	0.72
533	553	0.61
533	539	0.99
533	894	0.93
534	578	0.32
534	717	0.29
534	821	0.67
535	544	0.18
535	681	0.32
535	842	0.11
535	856	0.16
535	569	0.79
536	906	0.14
536	698	0.16
537	834	0.07
537	937	0.68
537	976	0.83
537	887	0.80
537	568	0.78
538	896	0.70
538	619	0.79
538	941	0.90
538	816	0.13
538	786	0.40
538	828	0.55
539	804	0.19
539	713	0.16
539	553	0.23
540	609	0.84
540	724	0.69
540	791	0.10
540	924	0.89
541	649	0.17
541	627	0.88
541	859	0.72
541	926	0.85
542	549	0.08
542	920	0.80
542	764	0.35
542	797	0.26
543	707	0.15
543	967	0.26
543	651	0.64
543	818	0.41
543	750	0.10
543	621	0.62
543	912	0.58
543	978	0.97
544	771	0.93
544	905	0.45
544	842	0.62
544	856	0.74
544	894	0.59
545	867	0.67
545	814	0.58
545	945	0.44
545	690	0.17
545	757	0.85
545	662	0.81
546	911	0.13
546	693	0.23
546	792	0.01
546	703	0.02
547	866	0.85
547	903	0.75
547	599	0.08
547	573	0.66
547	607	0.53
548	929	0.81
548	971	0.27
548	940	0.69
548	973	0.07
548	598	0.70
548	985	0.04
548	987	0.42
548	860	0.20
548	639	0.42
549	641	0.85
549	772	0.53
549	583	0.64
549	597	0.23
549	957	0.85
550	924	0.40
550	742	0.84
551	705	0.85
551	749	0.21
551	942	0.03
551	723	0.19
551	700	0.60
552	633	0.69
552	907	0.95
552	758	0.35
553	804	0.40
553	713	0.01
554	715	0.10
554	646	0.05
554	778	0.39
554	843	0.24
554	984	0.48
555	624	0.47
555	706	0.81
555	964	0.40
555	685	0.14
555	976	0.14
556	582	0.23
556	972	0.00
556	570	0.95
556	733	0.77
557	809	0.50
557	702	0.90
558	995	0.60
558	870	0.84
558	839	0.29
558	719	0.03
558	981	0.50
558	665	0.78
558	571	0.42
559	746	0.88
559	660	0.41
559	794	0.99
560	961	0.21
560	807	0.80
560	590	0.29
560	922	0.67
560	655	0.77
561	649	0.23
561	627	0.40
561	820	0.30
561	602	0.74
561	859	0.76
562	640	0.77
562	675	0.41
562	712	0.37
562	923	0.88
562	606	0.81
563	960	0.72
563	788	0.80
563	738	0.42
563	804	0.28
564	856	0.21
564	905	0.94
564	815	0.35
565	577	0.12
565	741	0.25
565	937	0.01
565	970	0.69
565	784	0.07
565	760	0.29
566	925	0.75
566	943	0.65
567	747	0.43
567	884	0.85
567	917	0.91
567	632	0.78
567	980	0.84
567	862	0.75
567	927	0.59
568	577	0.82
568	834	0.22
568	741	0.10
568	937	0.53
568	970	0.64
568	784	0.77
569	681	0.71
569	986	0.54
570	582	0.01
570	907	0.50
570	972	0.52
570	733	0.50
571	897	0.94
571	839	0.20
571	719	0.72
571	981	0.61
571	885	0.83
572	616	0.77
572	617	0.02
572	658	0.96
572	668	0.50
573	866	0.28
573	903	0.56
573	850	0.92
573	599	0.79
574	737	0.80
574	930	0.65
574	744	0.30
574	686	0.88
574	914	0.93
574	735	0.17
575	613	0.83
575	680	0.20
575	618	0.94
575	755	0.32
575	628	0.47
575	638	0.84
576	782	0.18
576	861	0.45
577	741	0.25
577	937	0.63
577	685	0.12
577	784	0.28
578	776	0.57
578	680	0.03
578	755	0.68
578	821	0.45
578	638	0.63
579	768	0.24
579	854	0.01
579	726	0.78
579	767	0.12
579	732	0.94
580	769	0.56
580	709	0.43
580	908	0.19
580	850	0.04
580	883	0.76
581	595	0.36
581	916	0.64
582	972	0.98
582	941	0.02
582	828	0.46
583	641	0.17
583	772	0.47
583	597	0.74
583	957	0.10
584	608	0.78
584	675	0.66
584	983	0.34
584	591	0.86
584	990	0.88
586	706	0.09
586	964	0.29
586	647	0.07
586	685	0.21
586	624	0.70
586	785	0.42
586	695	0.29
586	731	0.79
587	929	0.30
587	643	0.12
587	623	0.18
588	653	0.47
588	847	0.71
588	817	0.56
588	722	0.30
588	725	0.75
588	666	0.65
589	746	0.47
589	716	0.10
589	602	0.71
590	961	0.06
590	807	0.88
590	780	0.97
590	655	0.74
590	922	0.04
591	608	0.91
591	983	0.84
591	910	0.51
591	667	0.77
592	876	0.26
592	877	0.90
592	805	0.45
592	598	0.64
592	639	0.35
593	648	0.17
594	933	0.19
594	779	0.13
594	596	0.87
594	889	0.57
594	799	0.20
595	642	0.39
595	875	0.35
595	916	0.45
596	933	0.95
596	779	0.54
596	889	0.64
596	799	0.83
597	641	0.55
597	772	0.53
597	957	0.79
598	805	0.76
598	876	0.89
598	973	0.02
598	985	0.53
598	767	0.37
598	639	0.53
599	866	0.56
599	903	0.40
599	699	0.97
600	896	0.81
600	754	0.59
601	833	0.96
601	766	0.45
602	820	0.84
603	934	0.84
603	748	0.91
603	759	0.82
604	625	0.66
605	752	0.94
605	694	0.03
605	727	0.34
605	921	0.50
605	798	0.78
606	640	0.09
606	865	0.24
606	675	0.10
606	712	0.12
606	654	0.55
606	923	0.28
606	671	0.65
607	794	0.38
608	910	0.71
608	629	0.69
608	667	0.84
608	990	0.56
609	961	0.15
609	919	0.67
609	655	0.53
609	724	0.95
609	791	0.35
609	730	0.32
610	761	0.81
610	951	0.45
611	634	0.06
611	648	0.93
611	911	0.62
611	792	0.72
611	954	0.91
611	762	0.71
611	703	0.57
612	873	0.44
612	779	0.41
612	691	0.05
612	799	0.10
613	680	0.62
613	618	0.51
613	755	0.49
613	638	0.71
614	730	0.72
614	711	0.54
614	743	0.67
615	789	0.90
615	953	0.74
615	948	0.27
617	822	0.18
617	825	0.20
617	863	0.33
618	946	0.70
618	755	0.28
618	988	0.65
619	816	0.38
619	786	0.02
619	941	0.07
620	736	0.90
620	886	0.22
620	763	0.95
621	707	0.28
621	773	0.92
621	818	0.32
621	750	0.74
621	912	0.20
621	978	0.52
622	994	0.31
622	906	0.66
622	793	0.18
622	698	0.80
623	938	0.84
623	924	0.51
623	874	0.52
624	706	0.04
624	964	0.36
624	685	0.72
625	962	0.10
625	697	0.47
625	891	0.97
625	765	0.21
626	708	0.20
626	958	0.82
626	729	0.92
627	649	0.46
627	859	0.32
627	926	0.55
628	864	0.67
628	963	0.91
628	631	0.09
629	769	0.40
629	781	0.31
629	910	0.56
629	990	0.94
630	651	0.29
631	864	0.72
631	963	0.08
631	970	0.74
631	887	0.67
632	933	0.62
632	745	0.21
632	980	0.71
632	917	0.89
632	889	0.48
633	696	0.86
633	907	0.68
633	733	0.07
634	762	0.93
634	954	0.20
634	827	0.35
635	875	0.78
635	683	0.04
635	918	0.58
635	989	0.72
636	913	0.24
636	949	0.76
636	823	0.03
637	801	0.81
637	652	0.85
637	687	0.51
638	776	0.31
638	680	0.31
638	755	0.17
638	756	0.21
638	821	0.47
639	805	0.89
639	876	0.75
639	973	0.72
639	985	0.43
639	767	0.31
640	923	0.38
640	861	0.31
641	772	0.71
641	957	0.68
642	875	0.52
643	718	0.46
644	656	0.21
644	947	0.53
645	931	0.65
645	841	0.01
645	810	0.30
645	826	0.50
645	830	0.25
645	959	0.73
646	778	0.97
646	715	0.08
646	720	0.21
646	984	0.96
647	964	0.96
647	785	0.20
647	852	1.00
647	695	0.91
647	731	0.53
648	693	0.96
648	792	0.30
648	762	0.63
649	859	0.85
650	750	0.70
650	751	0.68
650	689	0.67
650	917	0.81
650	862	0.34
651	967	0.85
651	912	0.22
651	978	0.56
652	801	0.17
652	687	0.03
652	751	0.60
652	956	0.46
653	740	0.41
653	901	0.40
653	849	0.21
653	722	0.41
653	725	0.67
653	890	0.88
653	666	0.07
654	865	0.90
654	869	0.22
654	710	0.58
654	712	0.84
654	774	0.41
654	983	0.12
654	671	0.41
655	961	0.74
655	807	0.80
655	743	0.80
655	919	0.58
655	922	0.58
655	730	0.40
657	943	0.49
657	695	0.71
657	731	0.87
658	668	0.78
659	697	0.03
659	991	0.76
660	746	0.45
660	723	0.88
661	968	0.82
661	969	0.39
662	867	0.69
662	677	0.44
662	814	0.90
662	945	0.14
662	690	0.63
662	757	0.17
663	871	0.97
663	795	0.39
664	753	0.17
665	995	0.73
665	839	0.39
665	885	0.81
666	740	0.99
666	849	0.52
666	722	0.82
666	725	0.43
666	890	0.42
667	715	0.20
667	910	0.74
669	926	0.11
669	829	0.98
670	892	0.54
670	787	0.76
670	796	0.88
671	865	0.53
671	675	0.47
671	774	0.90
671	710	0.09
671	712	0.36
671	983	0.04
672	923	0.53
673	822	0.28
673	702	0.91
674	871	0.63
674	909	0.73
674	944	0.04
675	865	0.35
675	712	0.29
675	983	0.79
676	870	0.42
677	867	0.23
677	904	0.16
677	814	0.75
677	945	0.97
677	690	0.13
678	688	0.14
678	938	0.58
678	893	0.12
679	998	0.78
679	952	0.29
680	864	0.68
680	776	0.58
680	756	0.90
680	821	0.05
680	760	0.17
681	842	0.27
681	684	0.89
682	935	0.81
682	943	0.33
682	727	0.62
682	921	0.83
683	965	0.57
683	788	0.92
683	918	0.87
683	989	0.09
685	706	0.86
685	964	0.45
687	801	0.04
687	751	0.56
687	956	0.22
688	938	0.94
688	893	0.56
689	750	0.08
689	751	0.99
689	917	0.62
689	862	0.36
690	867	0.56
690	904	0.25
690	814	0.48
690	945	0.71
690	757	0.44
691	836	0.36
691	873	0.21
691	950	0.58
692	878	0.09
693	911	0.80
693	792	0.29
693	703	0.86
694	935	0.86
694	752	0.49
694	921	0.90
694	798	0.33
695	964	0.80
695	785	0.01
695	852	0.74
695	731	0.29
696	907	1.00
696	733	0.74
697	765	0.07
697	991	0.68
698	906	0.76
699	866	0.21
699	903	0.38
700	749	0.99
700	912	0.17
702	822	0.88
703	911	0.25
703	792	0.80
703	954	0.45
704	997	0.13
704	728	0.34
704	785	0.62
704	882	0.54
704	852	0.91
704	824	0.53
705	749	0.03
705	942	0.80
706	964	0.89
707	773	0.55
707	818	0.28
707	912	0.79
707	978	0.45
708	729	0.98
708	958	0.67
709	769	0.90
709	908	0.33
709	883	0.97
710	865	0.05
710	869	0.42
710	774	0.69
710	843	0.84
710	878	0.96
711	730	0.96
711	743	0.86
712	865	0.09
712	923	0.53
713	738	0.84
713	804	0.53
714	939	0.88
714	721	0.44
715	778	0.55
715	984	0.54
716	866	0.72
717	821	0.81
719	995	0.05
719	870	0.73
719	839	0.04
719	981	0.30
720	984	0.25
721	783	0.74
721	955	0.62
722	901	0.72
722	849	0.46
722	725	0.80
722	890	0.75
723	746	0.67
724	961	0.96
724	919	0.54
724	791	0.63
725	740	0.22
725	901	0.72
725	849	0.81
725	890	0.80
726	768	0.67
726	982	0.39
726	877	0.19
726	819	0.34
726	853	0.97
726	854	0.77
726	767	0.08
727	935	0.25
727	943	0.57
727	921	0.92
728	882	0.47
728	852	0.49
728	824	0.45
729	931	0.29
729	958	0.85
730	961	0.06
730	743	0.66
730	919	0.89
730	791	0.01
731	785	0.02
733	907	0.96
734	969	0.91
734	823	0.20
734	913	0.09
735	737	0.98
735	930	0.03
735	744	0.74
735	914	0.74
736	886	0.40
736	763	0.11
737	930	0.62
737	744	0.10
737	914	0.35
738	960	0.89
738	804	0.34
739	835	0.23
739	881	0.46
739	857	0.28
740	849	1.00
740	890	0.87
741	937	0.60
741	970	0.01
741	784	0.05
741	760	0.03
743	961	0.47
744	930	0.21
744	914	0.95
745	884	0.52
745	980	0.32
747	884	0.48
747	927	0.74
748	934	0.29
748	759	0.62
749	942	0.40
750	967	0.27
750	751	0.44
750	978	0.32
750	862	0.72
751	917	0.63
751	956	0.76
751	862	0.26
752	800	0.96
752	770	0.99
752	982	0.86
752	798	0.24
753	962	0.24
753	851	0.98
753	891	0.36
754	810	0.76
754	826	0.87
754	830	0.11
754	959	0.95
755	946	0.83
755	821	0.37
756	864	0.48
756	776	0.47
756	970	0.99
756	760	0.32
757	814	0.34
757	945	0.88
757	867	0.46
759	934	0.75
760	864	0.99
760	776	0.83
760	970	0.28
761	951	0.79
762	954	0.45
762	827	0.56
763	886	0.72
764	920	0.88
764	797	0.80
765	962	0.13
765	891	0.73
766	833	0.07
766	782	0.97
767	768	0.70
767	876	0.61
767	973	0.87
767	877	0.62
767	853	0.86
767	854	0.85
767	985	0.98
768	877	0.55
768	819	0.42
768	853	0.74
768	854	0.61
769	908	0.49
769	883	0.89
770	800	0.41
771	856	0.18
772	957	0.04
773	818	0.23
773	794	0.95
774	865	0.44
774	869	0.02
774	778	0.05
774	843	0.77
774	878	0.11
774	983	0.65
776	864	0.53
776	970	0.01
777	952	0.48
777	916	0.17
778	843	0.05
778	878	0.84
778	984	0.94
779	799	0.66
780	993	0.17
780	807	0.79
782	833	0.87
783	955	0.46
784	937	0.57
785	964	0.76
785	852	0.80
786	896	0.69
786	848	0.63
786	895	0.69
787	954	0.62
788	965	0.90
788	918	0.01
788	804	0.54
789	936	0.25
789	999	0.98
790	992	0.45
790	902	0.98
790	812	0.64
790	977	0.66
790	946	0.36
790	988	0.00
791	919	0.92
792	954	0.79
792	911	0.46
793	994	0.13
793	845	0.29
796	895	0.20
796	892	0.10
797	920	0.31
798	921	0.58
801	889	0.48
801	956	0.93
802	872	0.63
803	898	0.79
803	999	0.49
803	808	0.38
803	811	0.89
805	876	0.72
805	877	0.93
805	985	0.50
806	953	0.11
807	961	0.70
807	922	0.12
808	898	0.20
808	999	0.06
808	811	0.17
809	944	0.53
809	909	0.24
810	826	0.91
810	830	0.15
810	959	0.29
811	898	0.18
812	836	0.41
812	902	0.53
812	977	0.21
812	979	0.15
813	837	0.74
813	902	0.66
813	979	0.38
813	855	0.27
814	867	0.32
814	904	0.22
814	945	0.05
815	905	0.37
816	941	0.73
816	828	0.57
817	996	0.74
817	847	0.18
817	915	0.06
818	956	0.64
819	982	0.98
819	853	0.42
819	854	0.81
820	859	0.15
822	863	0.75
823	969	0.83
823	913	0.05
823	949	0.25
824	997	0.90
824	882	0.97
824	852	0.52
825	863	0.87
826	830	0.52
826	959	0.74
828	972	0.58
828	941	0.21
830	959	0.08
831	960	0.13
831	840	0.19
831	887	0.26
832	997	0.86
834	937	0.23
834	976	0.57
834	887	0.28
835	857	0.38
836	977	0.06
836	950	0.65
836	979	0.40
837	902	0.17
837	855	0.76
838	975	0.92
839	995	0.09
839	981	0.93
840	960	0.97
840	887	0.43
841	931	0.77
841	868	0.52
841	901	0.84
842	905	0.57
842	856	0.27
842	894	0.80
843	869	0.71
843	878	0.76
844	858	0.45
845	994	0.39
845	913	0.21
846	996	0.81
846	974	0.31
846	915	0.29
847	868	0.70
847	879	0.74
848	895	0.21
849	901	0.58
849	890	0.60
850	908	0.07
850	883	0.97
851	962	0.22
851	891	0.01
852	882	0.10
853	876	0.03
853	877	0.83
853	854	0.26
854	877	0.76
856	905	0.82
858	899	0.49
860	971	0.22
860	940	0.59
860	987	0.77
862	917	0.72
864	970	0.23
865	869	0.80
865	983	0.48
866	903	0.43
867	904	0.73
867	945	0.00
868	931	0.08
868	879	0.08
869	878	0.08
870	997	0.59
870	981	0.67
873	992	0.82
873	900	0.84
873	950	0.70
874	929	0.90
874	971	0.31
874	940	0.54
874	924	0.64
876	877	0.44
880	985	0.78
880	973	1.00
882	981	1.00
883	908	0.70
884	904	0.76
884	980	0.02
884	927	0.04
885	897	0.60
887	963	0.77
888	898	0.74
889	933	0.75
891	962	0.55
893	938	0.56
894	905	0.61
895	896	0.17
900	992	0.71
900	946	0.81
902	992	0.70
902	977	0.82
902	988	0.92
904	927	0.16
906	994	0.64
909	944	0.41
911	954	0.90
912	967	0.98
912	978	0.23
913	949	0.25
914	930	0.01
915	996	0.86
915	979	0.92
916	998	0.19
916	952	0.92
918	965	0.01
918	989	0.53
919	961	0.09
921	935	0.79
924	971	0.80
924	940	0.22
928	969	0.23
929	971	0.70
929	940	0.76
931	958	0.79
936	999	0.02
937	970	0.18
940	971	0.13
940	987	0.31
941	972	0.26
946	992	0.41
946	988	0.13
948	953	0.63
952	998	0.99
965	989	0.20
967	978	0.62
968	969	0.73
971	987	0.40
973	985	0.87
977	992	0.26
988	992	0.23
